  tru min (-0,249,0,000,9,151) max (-0,199,0,920,9,201)
  tru_0 min (-0,621,0,000,9,151) max (-0,571,0,920,9,201)
  tru_1 min (-0,249,0,000,8,075) max (-0,199,0,920,8,125)
  tru_2 min (-0,621,0,000,8,075) max (-0,571,0,920,8,125)
  tru_3 min (-0,249,0,000,6,999) max (-0,199,0,920,7,049)
  tru_4 min (-0,621,0,000,6,999) max (-0,571,0,920,7,049)
  ke_1 min (-0,620,0,285,7,000) max (-0,200,0,315,9,200)
  ke_2 min (-0,620,0,605,7,000) max (-0,200,0,635,9,200)
  ke_3 min (-0,620,0,875,7,000) max (-0,200,0,905,9,200)
  thanhChan min (-0,615,0,155,7,000) max (-0,585,0,205,9,200)
  hangTrenKe_1 min (-0,559,0,334,8,786) max (-0,267,0,504,9,114)
  hangTrenKe_2 min (-0,571,0,334,8,445) max (-0,317,0,554,8,715)
  hangTrenKe_3 min (-0,530,0,334,8,043) max (-0,216,0,474,8,357)
  hangTrenKe_4 min (-0,532,0,334,7,686) max (-0,285,0,534,7,914)
  hangTrenKe_5 min (-0,545,0,334,7,249) max (-0,322,0,494,7,511)
  hangTrenKe_6 min (-0,520,0,654,8,702) max (-0,257,0,804,9,058)
  hangTrenKe_7 min (-0,520,0,654,8,286) max (-0,251,0,864,8,554)
  hangTrenKe_8 min (-0,498,0,654,7,778) max (-0,245,0,784,8,102)
  hangTrenKe_9 min (-0,578,0,654,7,356) max (-0,311,0,834,7,604)
  hangTrenKe_10 min (-0,527,0,654,7,048) max (-0,306,0,774,7,252)
  than min (-0,470,0,904,8,942) max (-0,255,1,103,9,158)
  goNap min (-0,476,1,091,8,936) max (-0,248,1,105,9,164)
  nap min (-0,461,1,082,8,951) max (-0,264,1,090,9,149)
  quai min (-0,457,1,107,9,018) max (-0,268,1,204,9,082)
  than min (-0,522,0,904,8,510) max (-0,281,1,103,8,750)
  goNap min (-0,529,1,091,8,503) max (-0,275,1,105,8,757)
  nap min (-0,512,1,082,8,520) max (-0,292,1,090,8,740)
  quai min (-0,459,1,107,8,547) max (-0,344,1,204,8,713)
  than min (-0,503,0,904,8,103) max (-0,290,1,103,8,317)
  goNap min (-0,509,1,091,8,097) max (-0,284,1,105,8,323)
  nap min (-0,494,1,082,8,113) max (-0,299,1,090,8,307)
  quai min (-0,426,1,107,8,115) max (-0,367,1,204,8,305)
  vien_1 min (-0,525,0,903,7,264) max (-0,291,0,921,7,498)
  vien_2 min (-0,529,0,923,7,261) max (-0,291,0,941,7,499)
  vien_3 min (-0,524,0,941,7,264) max (-0,290,0,959,7,498)
  vien_4 min (-0,529,0,959,7,261) max (-0,291,0,977,7,499)
  vien_5 min (-0,526,0,977,7,264) max (-0,292,0,995,7,497)
  vien_6 min (-0,529,0,995,7,261) max (-0,290,1,013,7,500)
  vien_7 min (-0,532,1,013,7,224) max (-0,286,1,031,7,469)
  vien_8 min (-0,540,1,031,7,186) max (-0,295,1,049,7,431)
